-5
-9
4
10
0
-6
-4
5
-11
-7
-7
6
-1
-8
22
63
40
-37
-87
-54
37
92
36
-31
-81
-31
41
87
48
-42
-75
-38
47
90
33
-34
-83
-42
49
87
38
-45
-84
-49
31
90
41
-40
-90
-38
34
74
35
-37
-80
-57
59
102
51
-45
-62
-21
-4
-24
-18
35
102
56
-55
-115
-63
39
44
12
5
53
33
-41
-99
-42
56
99
38
-40
-76
-32
40
84
43
-37
-83
-42
46
84
43
-38
-86
-45
31
71
36
-47
-86
-53
49
100
50
-48
-75
-25
-1
-31
-25
38
94
48
-55
-127
-49
39
53
12
10
47
37
-39
-91
-69
47
90
41
-34
-82
-41
39
76
40
-56
-96
-39
41
81
33
-40
-79
-54
36
69
42
-51
-89
-60
38
83
47
-37
-98
-42
35
68
35
-33
-88
-41
41
102
42
-45
-66
-25
6
-34
-36
39
103
43
-46
-99
-48
39
76
35
-32
-59
-41
44
95
46
-52
-105
-41
44
64
19
5
38
36
-51
-98
-65
57
94
34
-30
-75
-37
19
60
39
-41
-82
-44
58
106
46
-45
-63
-21
3
-24
-30
35
106
55
-57
-120
-46
37
47
6
2
43
41
-38
-93
-48
58
104
51
-39
-65
-40
32
81
33
-48
-88
-36
41
76
33
-40
-87
-55
42
86
49
-48
-86
-39
51
84
42
-43
-91
-45
41
57
19
-39
-90
-56
59
108
47
-45
-56
-18
0
-16
-37
37
102
57
-66
-119
-49
33
41
11
3
25
19
-41
-96
-67
69
117
51
-34
-48
-14
1
-29
-28
35
98
60
-70
-109
-52
40
47
14
3
51
45
-39
-89
-43
52
101
30
-41
-65
-17
42
67
38
-35
-85
-49
51
91
49
-37
-59
-20
11
-38
-36
40
91
46
-59
-95
-45
41
71
28
-25
-73
-36
40
82
47
-52
-104
-52
25
63
13
3
36
30
-57
-92
-45
45
91
51
-45
-61
-29
38
76
40
-38
-94
-42
42
86
35
-46
-90
-45
29
61
30
-32
-85
-50
55
96
38
-43
-65
-13
1
-49
-33
50
97
48
-45
-90
-44
41
63
30
-49
-82
-46
41
83
40
-50
-74
-47
39
81
35
-35
-70
-29
39
96
62
-47
-109
-42
45
64
22
1
28
24
-46
-94
-61
45
111
49
-47
-59
-18
-4
-24
-31
38
110
60
-49
-124
-47
40
47
8
6
42
20
-45
-96
-47
52
92
36
-36
-72
-38
27
66
55
-33
-88
-51
43
73
35
-40
-85
-50
39
87
39
-33
-78
-31
40
80
50
-41
-86
-36
34
70
39
-32
-81
-45
53
102
53
-37
-69
-22
5
-16
-30
40
112
51
-63
-121
-44
37
54
17
-1
43
30
-53
-91
-54
49
86
49
-36
-62
-38
35
53
35
-34
-95
-46
58
108
50
-45
-68
-22
13
-20
-36
41
92
57
-65
-106
-42
46
46
17
3
31
22
-32
-98
-55
57
112
53
-36
-51
-10
1
-32
-20
35
115
46
-52
-114
-57
40
53
12
2
33
22
-25
-98
-64
64
119
58
-32
-38
-9
-9
-24
-28
38
91
57
-53
-118
-62
45
53
6
4
49
34
-49
-95
-63
54
93
47
-33
-52
-21
41
67
25
-45
-93
-44
52
110
49
-31
-64
-16
11
-22
-29
45
105
64
-63
-124
-60
44
44
12
3
30
37
-38
-103
-66
66
119
52
-41
-54
-4
-7
-48
-26
39
87
55
-56
-94
-42
37
74
32
-28
-62
-32
40
86
50
-43
-105
-47
43
62
22
-6
16
36
-46
-104
-61
68
110
44
-46
-43
3
-15
-38
-40
34
99
49
-46
-99
-45
41
76
26
-32
-55
-33
36
96
55
-42
-102
-53
41
71
15
0
37
40
-44
-98
-46
52
93
31
-35
-72
-38
46
87
41
-49
-88
-47
47
93
43
-48
-86
-40
46
79
33
-38
-89
-43
48
112
60
-41
-66
-13
2
-38
-37
55
95
61
-62
-94
-36
34
60
38
-28
-66
-35
38
94
61
-43
-110
-62
42
70
21
3
19
20
-39
-98
-65
60
120
52
-46
-56
-6
12
-32
-31
48
108
63
-63
-113
-51
34
44
11
-3
34
26
-40
-101
-64
69
105
54
-41
-43
-10
-2
-42
-42
45
91
46
-58
-91
-44
42
69
32
-38
-73
-46
34
78
46
-40
-77
-42
49
87
49
-34
-69
-30
45
97
46
-48
-104
-49
40
73
19
2
39
37
-32
-104
-42
40
107
36
-36
-74
-37
34
59
36
-36
-95
-50
60
105
47
-39
-70
-11
-3
-38
-29
39
100
53
-47
-88
-39
36
76
41
-39
-77
-45
39
86
45
-45
-82
-43
41
87
52
-41
-81
-45
34
78
43
-44
-83
-39
33
88
38
-41
-83
-46
35
84
45
-43
-79
-37
48
86
55
-39
-65
-34
38
94
56
-53
-105
-37
49
73
21
-4
28
26
-37
-95
-45
63
102
46
-41
-70
-47
32
88
44
-43
-85
-45
43
86
47
-41
-87
-51
44
86
38
-45
-79
-32
39
86
45
-44
-83
-40
42
65
35
-44
-87
-45
49
105
46
-43
-63
-20
2
-23
-29
37
91
53
-64
-99
-49
36
60
-2
4
45
29
-36
-97
-48
46
111
52
-30
-73
-32
38
76
42
-43
-96
-42
42
80
41
-43
-84
-35
39
64
35
-34
-104
-34
46
106
54
-44
-78
-17
10
-38
-27
41
98
57
-43
-105
-41
30
59
39
-25
-66
-31
39
81
47
-44
-95
-52
40
63
14
5
33
32
-44
-94
-46
46
103
53
-47
-63
-31
28
68
36
-37
-91
-51
55
103
52
-46
-66
-14
12
-11
-19
30
107
59
-53
-117
-64
29
60
14
-1
15
26
-46
-100
-56
57
113
46
-38
-50
-16
2
-22
-14
38
95
72
-60
-123
-52
38
49
7
10
36
38
-36
-102
-48
50
97
38
-35
-72
-25
30
75
30
-38
-87
-57
55
101
55
-43
-59
-20
-3
-35
-40
52
79
49
-51
-96
-39
32
77
37
-42
-75
-35
52
84
42
-49
-96
-32
44
79
48
-43
-69
-28
37
97
49
-46
-115
-54
43
68
27
-6
28
25
-38
-93
-52
58
107
57
-42
-51
-7
-8
-15
-28
41
107
49
-68
-112
-56
37
51
-7
9
47
44
-38
-104
-50
41
96
37
-39
-69
-33
30
56
33
-36
-94
-50
60
93
51
-44
-74
-14
-2
-18
-37
39
100
63
-62
-108
-53
49
58
7
-4
13
26
-48
-97
-60
59
115
54
-43
-49
-6
9
-28
-29
40
103
49
-59
-114
-42
35
56
13
-2
32
33
-41
-99
-55
69
121
53
-38
-55
-7
-14
-38
-29
47
108
53
-60
-95
-43
32
69
40
-34
-48
-32
39
90
42
-47
-110
-50
44
64
25
3
8
18
-43
-106
-57
65
105
49
-52
-52
-11
4
-50
-34
51
102
58
-41
-88
-37
29
56
31
-31
-79
-40
44
90
56
-49
-117
-56
35
64
20
-3
16
18
-51
-106
-52
62
108
47
-35
-48
-17
-6
-32
-27
53
103
50
-56
-114
-53
47
50
13
2
25
19
-45
-110
-68
62
115
59
-42
-61
-1
-7
-44
-45
46
101
45
-46
-91
-47
47
67
43
-35
-69
-48
45
85
43
-38
-78
-42
42
91
41
-32
-85
-42
39
89
54
-42
-99
-38
52
86
42
-17
-18
-7
4
-18
-7
-3
4
8
-1
1
-7
-3
-11
4
-3
-5
-6
-1
-11
3
-2
0
7
-2
1
-3
2
9
5