-2.22483653
-0.23616239
-1.41902322
-0.49538079
-0.42257409
1.54094612
0.39787853
0.95750958
1.18388404
0.93412192
0.65086433
1.65220515
0.89604752
0.88626518
1.47289871
-2.43161438
-0.33453051
-1.07329641
-0.24276507
-1.76660683
-1.18727355
-1.77608272
-0.46790348
-0.91455039
-1.23119827
-0.12945949
-0.04326375
-2.02654351
-0.08850122
-2.87884215
1.10676380
2.88618073
-0.86683355
2.19491844
2.20531805
1.63232145
1.37199592
0.62071955
1.78456711
0.70162825
-2.03500019
-2.01982638
-0.78082169
0.55256271
0.31226867
0.39986054
-0.93161681
-1.02211031
-1.93897429
1.33064618
0.95641540
1.34211584
0.91908472
1.14771343
3.39004029
-1.03360638
-2.08359286
-1.17860938
-2.61817717
-0.25515766
1.39415748
0.89607112
2.20371365
1.76859242
0.40625479
-2.28756549
-1.16549061
-2.45085591
0.80103219
-0.61679032
-0.69592440
-2.76495220
1.37489287
-1.31490533
0.49198369
1.01615046
1.45253987
0.60131507
1.76669906
1.29172907
-0.88724209
-1.53054572
-3.10968265
-0.18714442
-1.48764362
0.45322790
0.89838253
0.22613572
1.26245942
1.17613005
1.51415690
1.85082807
0.47484214
2.06714473
0.95417618
-0.94580684
-0.10751224
-0.78774250
-0.86788316
-0.67573735
-1.10641825
0.46184581
-2.00964529
-0.30881686
-0.52209239
0.49322374
0.42826679
0.60039095
3.82341819
1.03753361
-0.67061636
0.57124062
2.70337955
2.13449349
2.21488404
-0.94286957
-0.99101028
-1.93100097
-2.01112189
1.03963791
-2.81952636
-1.05792038
-1.27635534
-2.74122371
-0.75613336
1.44125040
0.30848000
-1.65567327
1.10091511
-1.22251854
-1.79287209
-2.57338741
-0.55739843
-1.74510746
-0.66043817
0.14611037
-1.50085966
-0.64831523
0.25639624
-0.79119558
-1.73091293
-0.36175336
-0.75191776
-1.67894198
1.31344008
0.39448137
-0.24456681
-0.84888705
0.78787441
-1.96804716
-0.98936562
-2.33712765
-1.35481471
-1.05896668
-1.15236926
-1.16608518
-1.48755010
-2.24469374
-2.31548652
-2.49606920
0.65634939
1.67073472
-0.40395636
1.40028926
0.80733105
-1.60438912
0.27990380
-3.09450366
-0.13658014
0.14129905
-1.15579692
-2.00394950
-1.54512630
-1.73611769
-2.63559139
1.12716075
1.78700485
0.68279371
1.51377137
0.23503518
-1.67501364
-0.52125682
-2.35035903
-1.61428849
-1.44867399
-0.81692285
0.17594046
-0.73227745
0.58766638
2.72369953
-0.17363432
-1.68370370
-2.25623428
-0.84522834
0.24900929
0.95815419
0.03972957
-0.14658362
2.37877630
1.17901648
-0.83741746
-1.55034235
-2.06265624
-1.12421492
-0.18091486
-1.68366166
0.00271315
-1.14787981
-0.26033773
-2.53819110
-1.14245662
-0.30620445
-0.74016790
-1.07667507
-1.69289628
0.53336873
1.14276963
1.71510104
0.31648609
0.66771770
2.25040073
1.35444651
-0.43471110
-0.13872100
0.13238983
-1.04966939
-0.12616656
-0.73225866
-1.98946192
-0.90245975
0.21895062
0.96749790
0.49686518
2.41642491
1.87502118
0.53596294
-0.97149595
-0.10493046
-2.07428005
-1.48915673
2.71164220
1.59861346
2.72662645
0.49398966
2.45799270
-0.36352909
-0.22734838
-4.29402422
-0.63038118
0.82566416
-0.91200056
-2.89400575
-2.06011170
-1.33670495
-1.59369470
-1.72577709
-0.59334923
0.11110517
-2.54992678
-1.75008970
0.08884629
-2.17917182
-1.04028561
-1.75033087
-1.87486391
0.32084615
0.98737109
1.57495355
1.24673746
2.57884277
-1.12479852
-1.00493761
-0.54819066
-2.32107234
-0.95704631
-2.57489624
-1.85477057
-0.96064066
-0.78539544
-1.52300229
-0.08016054
0.81588443
3.60882781
-0.60094322
1.61924307
2.01308368
0.58413037
0.61823758
0.82897137
0.99124272
-0.18617711
-0.49432725
-0.55052287
0.22901370
0.31737790
-0.67094541
-1.24549815
-0.61514262
-1.54632495
-0.95750509
-1.99817990
-1.27436543
-0.98797970
-1.18598253
-2.73634213
-0.08546304
-1.01356134
-0.74131401
-2.32540490
0.72651566
0.77461728
0.65232016
0.75843656
-0.32005899
-0.15249600
-0.58778134
-0.86512755
-1.44617318
-1.99012752
-1.46042119
-1.20770746
1.80749518
1.32571018
0.47977437
-0.01175265
1.55934490
0.02867020
0.96230311
-0.34258359
0.20578691
2.24090699
0.45006928
1.37214154
1.20858598
1.25904602
-1.93046864
-0.32064788
-0.48709124
0.38196488
-1.57219611
-0.42475596
-2.29638098
-0.02464881
-1.43152544
-1.45123207
1.02536950
0.55616420
0.85459058
1.63522524
0.80202986
3.10087573
2.14178896
-1.01117916
2.16169231
2.85778262
-1.88934043
-1.82237271
-1.09046886
-3.14848973
-0.91861836
-0.06316493
-0.18669383
-0.25297316
-1.29010475
-1.58433075
0.57505244
-1.98168170
0.28172634
1.58778048
1.02417052
-1.91242555
1.24784171
-1.70397571
0.48246739
-1.25429276
-0.39288586
0.13904537
-1.70212697
-1.92572555
-1.15562406
-0.69849522
-1.58583489
-0.73026654
-2.40995248
0.02155084
0.10850484
0.13481482
0.16493775
-1.89257296
-2.23006594
-1.58283840
-1.00625929
-1.44404264
-1.60200575
-1.61522344
-2.12632248
-1.42069049
1.00186453
0.12750686
-1.63344947
0.43672959
0.19983273
3.14310708
0.97374927
0.14698774
-0.08136556
1.93981146
-0.90023124
0.05645919
2.55553362
-0.96772183
-0.22193238
1.05084371
-0.59078788
-0.75622366
1.63548760
1.66377515
2.49981050
0.26814233
0.74592157
0.93272570
-0.42202744
1.82288628
-0.75070675
3.59359282
0.45888990
-1.37413815
-1.83807845
-1.81067185
-1.95974462
0.21856956
0.42201880
-0.71376935
-0.89403708
-2.09684000
-1.46660881
-0.20637873
-0.89272285
-1.73261422
-0.91825739
-0.17157533
2.02209244
1.58404689
1.43126906
1.82845287
-1.15665582
1.65006332
0.60075508
2.05023249
0.80699077
-2.18379537
-1.10436893
-1.77280803
-0.73525582
-0.88104518
-0.87332761
-1.32838663
-0.51316365
-1.27968738
-0.26417578
1.76726812
1.61323644
0.28433154
2.96141219
2.27667103
-1.22498755
0.23452895
1.17341897
-1.70370134
-0.63157107
0.77440944
1.41262960
1.18617323
1.39717578
0.67304622
-1.50296304
-0.92668757
-0.16905482
-1.28000765
-1.09530324
1.55812758
0.28892701
0.57567330
0.54574262
1.03770696
1.62391144
0.05939396
0.88274785
0.48590087
0.43695658
1.36261285
1.39977680
-0.02598842
1.46723276
0.86229885
-1.00546246
0.51209658
-2.49976911
-0.65369342
0.68358437
-0.14453325
-1.67995782
1.15757186
-1.46459255
-0.98900814
0.80052992
0.05417362
0.59767683
0.28117931
1.16297474
1.90277138
2.04505188
-0.48201886
1.11813915
1.05862135
-2.90993571
-1.22371723
-0.07162867
-0.68866218
0.44043737
-1.73904319
-1.97829456
-1.01743172
-1.32241207
0.84003940
1.55820869
1.30271561
1.43458138
1.61854339
1.59102729
-1.45227876
-0.59446007
-1.33423516
-2.24098395
0.07577660
-1.49755641
-0.95665982
-1.35453173
-1.21454736
-2.71658335
1.09147729
-0.68591468
-0.55839006
-1.10418355
-0.97989426
-2.35302989
-0.68475443
-3.45773607
-1.86791525
-1.62167943
-1.12432858
-2.86861403
-2.14335320
-0.25793457
-0.71591711
-0.85080875
-2.44560771
-1.18080584
-2.92193326
-0.87823197
1.96554503
-0.29977136
1.34552171
0.21576576
0.05912181
2.36029438
2.00523648
1.75833631
-0.47681056
-0.91307443
0.67899104
-0.16305632
-1.23097564
-2.00989033
-0.84361594
-0.30693948
1.19192647
2.16391266
0.51974432
0.55492148
1.62031268
0.33340407
0.29811543
1.86050807
2.62094222
0.10365060
-2.78625310
0.70438622
-0.95130412
-1.41424657
1.15862850
0.68212814
1.24683742
0.29145312
1.00326954
-0.28948364
-0.60928467
-0.66315670
-0.81345265
-2.05245913
-0.25252219
0.57610538
0.83605628
0.17982838
0.24708268
1.03021198
1.16852477
1.29598791
1.46480905
2.48678860
-2.03220416
-1.53125272
0.05954877
-0.20648478
0.27109408
0.08981804
0.48329088
-1.86300938
-1.32339477
-2.85229874
-1.44641855
0.77330254
-2.66373379
-0.87365721
-1.36232699
-1.75415758
-3.24651260
-0.75463149
-1.06528129
-1.24954751
1.47431591
0.84301677
1.27963549
1.76820024
1.73247362
-0.59174418
-0.43912181
-2.18669229
-0.60348710
0.51900833
1.79942147
2.26039487
1.72860936
0.20651588
1.26735447
1.89047511
0.23816940
0.57942321
1.12223587
1.13855172
0.57082676
1.75347934
-1.07726430
3.59461810
1.70909356
-2.53184564
0.86406496
0.54426968
-0.47523316
-1.09231855
0.05913995
-2.20180362
-0.01080222
-1.92783343
-1.84211754
2.06732836
-0.92150302
-0.14879390
-0.13727901
0.21995750
1.04184317
0.06131951
2.22550464
1.99389277
2.51085195
-1.19840416
-0.68128508
1.31789653
-1.35037163
0.79949513
0.28866417
1.16466962
1.04928445
0.50410831
1.16239524
0.28901209
-1.20270180
0.30815950
0.12697214
-0.90807245
0.56276343
2.30676901
1.88749318
2.24151796
0.76038766
-0.25572363
-0.65878426
-2.25795660
-1.84732648
-0.95279566
-0.61753680
-0.88573685
-2.14382992
-2.18507115
-3.67115057
-0.81564811
-0.54774765
-0.68668582
-3.03126205
-1.12771703
0.50519723
1.27675555
1.23809818
1.01870313
1.57555862
-0.53742148
-0.73393697
-0.53353207
-1.69324382
-2.91354108
2.62504545
0.42963672
1.45390806
-0.33790654
4.16916560
0.53407638
0.51038737
-1.03920291
1.05192869
-0.21340878
0.94037392
1.23193378
0.54002374
1.44132735
1.69279625
-0.45612305
1.20794533
-1.69787391
2.11510113
0.40261200
0.79006492
0.48597839
-0.11213491
1.55922416
-0.68251528
-1.41688939
-1.01462029
-1.68633545
-2.78293050
0.69646930
2.54006998
0.75675595
0.12040545
1.70354209
-1.30626520
-0.42656937
1.34182169
-0.48823548
-0.00626625
-3.61882739
-1.13764710
-0.93443666
0.30225065
-0.41590339
2.38255451
1.37369598
-0.34955865
1.91695526
1.20842973
1.61134557
1.39679952
-0.79671607
-1.11238671
-1.72742530
-0.65472896
-1.59203939
-1.19214938
0.79521661
-1.83011923
-3.80147434
1.13163760
-1.65091756
1.10183943
1.66403125
0.72223583
-1.95321283
-0.30005422
-1.97418455
-0.96655515
-1.37682040
1.18273463
0.88717842
-0.06080119
2.59963614
-0.27807524
-1.30535793
-1.19681933
-1.53685240
-3.16723953
-1.35888039
1.22554594
-0.17940180
0.96795254
0.02847879
-0.39646125
1.77667697
0.05951993
1.09939437
0.13727296
1.53182167
-0.94494402
1.01054165
0.96924655
0.23298703
2.05177587
-1.09266547
-2.32899494
0.45476129
-2.72652549
-4.10669763
-0.46534050
-1.55751680
-2.16177938
-0.83256917
-2.29301081
1.39811239
-0.74879339
0.22250336
-0.00690972
1.67305526
-0.06484113
1.09123219
0.36060919
0.36954003
-0.40113954
-1.27328151
-1.98404968
-1.05281714
-1.11534552
-1.14930178
-0.44679201
-0.01884820
-1.33639030
-0.75533561
-1.01273374
-0.22134042
-0.16416884
1.92714254
-0.93288934
1.00245663
-0.63011911
-2.40386292
-0.05074319
-0.73575191
-0.49752289
-1.45032673
-1.09318559
-1.97879202
-1.76324966
0.02485610
-1.95946153
0.40270676
-1.56486074
0.05500198
-1.39199222
-0.55528748
-0.53093470
-2.04821492
0.31243884
-0.66548862
0.19588653
0.83010570
1.16315356
1.91420299
1.99100326